1 0 1 1 1 1 1 1 1 1 1 1 1 1 1 1 1 1 1 1 Line Y=15.
1 0 1 0 0 0 0 0 0 0 0 1 0 0 0 1 0 0 0 1 line Y=14.
1 0 1 1 1 1 0 1 0 1 0 1 0 1 0 1 0 1 0 1 Line Y=13.
1 0 0 0 0 0 0 1 0 1 0 0 0 1 0 0 0 1 0 1 Line Y=12.
1 1 1 1 1 1 1 1 1 1 1 1 1 1 1 1 1 1 0 1 Line Y=11.
1 0 0 0 0 0 0 0 0 0 0 0 0 0 0 0 0 0 0 1 Line Y=10.
1 0 1 1 1 1 1 1 1 1 1 1 1 1 1 1 1 1 1 1 Line Y=9.
1 0 0 0 0 0 0 0 0 0 0 0 0 0 0 0 0 0 0 1 Line Y=8.
1 1 1 1 1 1 1 1 1 1 1 1 1 1 1 1 1 1 0 1 Line Y=7.
1 0 0 0 0 0 0 0 0 0 1 0 0 0 0 0 0 0 0 1 Line Y=6.
1 0 1 0 1 0 1 0 1 0 1 0 1 1 1 1 1 1 1 1 Line Y=5.
1 0 1 1 1 0 1 0 1 0 1 0 0 0 0 0 0 0 0 1 Line Y=4.
1 0 1 0 1 0 1 0 1 0 1 1 1 1 1 1 1 1 0 1 Line Y=3.
1 0 0 0 1 0 1 0 1 0 0 0 0 0 0 0 0 0 0 1 Line Y=2.
1 1 1 1 1 1 1 1 1 1 1 1 1 1 1 1 1 1 1 1 Line Y=1.
8 6 Start X=8, Y=6.

