1 1 1 1 1 1 1 1 1 1 1 1 1 1 1 1 1 1 1 1 Line Y=1.
1 0 0 0 0 0 0 0 0 0 0 0 0 0 0 0 0 0 0 1 Line Y=2.
1 0 1 0 1 0 1 0 1 0 1 1 1 1 1 1 1 1 0 1 Line Y=3.
1 0 0 0 0 0 0 0 0 0 1 0 0 0 0 0 0 0 0 1 Line Y=4.
1 1 1 1 1 1 1 1 1 1 1 0 1 1 1 1 1 1 1 1 Line Y=5.
1 0 0 0 0 0 0 0 0 0 0 0 1 1 1 1 1 1 1 1 Line Y=6.
1 0 1 1 1 1 1 1 1 1 1 1 1 1 1 1 1 1 1 1 Line Y=7.
1 0 0 0 0 0 0 0 0 0 0 0 0 0 0 0 0 0 0 1 Line Y=8.
1 1 1 1 1 1 1 1 1 1 1 1 1 1 1 1 1 1 0 1 Line Y=9.
1 0 0 0 0 0 0 0 0 0 0 0 0 0 0 0 0 0 0 1 Line Y=10.
1 0 1 1 1 1 1 1 1 1 1 1 1 1 1 1 1 1 1 1 Line Y=11.
1 0 0 0 0 0 0 0 0 0 0 0 0 0 0 0 0 0 0 1 Line Y=12.
1 1 1 1 1 1 1 1 1 1 1 1 1 1 1 1 1 1 0 1 Line Y=13.
0 0 0 0 0 0 0 0 0 0 0 0 0 0 0 0 0 0 0 1 Line Y=14.
1 1 1 1 1 1 1 1 1 1 1 1 1 1 1 1 1 1 1 1 Line Y=15.
11 2 Start X=11, Y=2.
